9 0.178125 0.61953125 0.1171875 0.096875
9 0.63359375 0.6140625 0.1140625 0.10078125
9 0.28359375 0.6140625 0.115625 0.10078125
9 0.4109375 0.62109375 0.10625 0.0890625
9 0.52421875 0.61875 0.0984375 0.08671875
9 0.51796875 0.5421875 0.0875 0.07578125
9 0.615625 0.54453125 0.08203125 0.08828125
9 0.415625 0.5453125 0.0828125 0.09609375
9 0.303125 0.546875 0.0921875 0.1125
9 0.2046875 0.54453125 0.09140625 0.09140625
9 0.234375 0.475 0.0828125 0.08984375
9 0.32578125 0.4796875 0.0828125 0.09609375
9 0.42421875 0.48515625 0.078125 0.0796875
9 0.51171875 0.484375 0.0828125 0.0875
9 0.59921875 0.4859375 0.0765625 0.07578125
9 0.5796875 0.43203125 0.08359375 0.0734375
9 0.4921875 0.43359375 0.08046875 0.06015625
9 0.4078125 0.4296875 0.075 0.05546875
9 0.32578125 0.42421875 0.0734375 0.05625
9 0.24921875 0.4234375 0.08359375 0.06015625