9 0.203125 0.6109375 0.14609375 0.16328125
9 0.35 0.5640625 0.1421875 0.14140625
9 0.7859375 0.4796875 0.12890625 0.14296875
9 0.8546875 0.8421875 0.14453125 0.14140625
9 0.43984375 0.9375 0.13515625 0.125
9 0.23359375 0.7234375 0.15390625 0.11875
9 0.39453125 0.68125 0.1421875 0.13046875
9 0.4984375 0.5328125 0.1453125 0.15078125
9 0.54609375 0.64609375 0.1515625 0.10546875
9 0.6515625 0.509375 0.1390625 0.14140625
9 0.70546875 0.615625 0.14765625 0.13671875
9 0.8453125 0.584375 0.13515625 0.125
9 0.58515625 0.9140625 0.1375 0.12578125
9 0.7171875 0.87890625 0.1296875 0.1484375
9 0.778125 0.96640625 0.11875 0.0671875
9 0.92421875 0.9578125 0.1484375 0.084375