9 0.50546875 0.1609375 0.12421875 0.16875
9 0.653125 0.2484375 0.1375 0.17421875
9 0.73515625 0.4984375 0.14140625 0.15859375
9 0.4921875 0.55859375 0.14609375 0.184375
9 0.2265625 0.7609375 0.153125 0.1734375
9 0.61953125 0.1484375 0.10625 0.11953125
9 0.73125 0.1359375 0.109375 0.096875
9 0.78046875 0.23828125 0.12265625 0.1796875
9 0.21796875 0.60859375 0.146875 0.18359375
9 0.359375 0.59765625 0.140625 0.17109375
9 0.38046875 0.7328125 0.1453125 0.12421875
9 0.5203125 0.6890625 0.140625 0.11875
9 0.6171875 0.5359375 0.1265625 0.17109375
9 0.66171875 0.665625 0.14140625 0.096875
9 0.77421875 0.61484375 0.13359375 0.11796875