9 0.165625 0.7390625 0.171875 0.22734375
9 0.3359375 0.73828125 0.1546875 0.23046875
9 0.8609375 0.72265625 0.153125 0.246875
9 0.68984375 0.7390625 0.16328125 0.22421875
9 0.20546875 0.56015625 0.14921875 0.17578125
9 0.5078125 0.74765625 0.16015625 0.23359375
9 0.36015625 0.5703125 0.15703125 0.19921875
9 0.52421875 0.5671875 0.15 0.175
9 0.6875 0.5640625 0.13984375 0.18203125
9 0.84296875 0.56484375 0.1421875 0.15234375
9 0.825 0.43671875 0.14140625 0.1484375
9 0.67265625 0.42890625 0.1515625 0.11875
9 0.51796875 0.43515625 0.134375 0.13125
9 0.36953125 0.43671875 0.14453125 0.140625
9 0.221875 0.4296875 0.15234375 0.1203125