9 0.18671875 0.4046875 0.13203125 0.07578125
9 0.5546875 0.3921875 0.13359375 0.0671875
9 0.60859375 0.6484375 0.14453125 0.1078125
9 0.15625 0.67109375 0.1671875 0.11484375
9 0.1484375 0.7984375 0.18046875 0.1453125
9 0.628125 0.7625 0.165625 0.12734375
9 0.309375 0.78046875 0.1734375 0.13828125
9 0.47421875 0.7734375 0.16015625 0.1296875
9 0.78671875 0.74921875 0.1703125 0.13125
9 0.92890625 0.7359375 0.1421875 0.128125
9 0.8953125 0.628125 0.15390625 0.1078125
9 0.753125 0.634375 0.153125 0.090625
9 0.459375 0.65546875 0.15234375 0.1078125
9 0.315625 0.6671875 0.14375 0.1078125
9 0.1640625 0.56640625 0.1484375 0.10078125
9 0.31015625 0.5640625 0.13671875 0.10546875
9 0.44921875 0.55546875 0.140625 0.08828125
9 0.58515625 0.55078125 0.140625 0.09921875
9 0.7203125 0.5484375 0.13046875 0.09296875
9 0.85625 0.53671875 0.14453125 0.096875
9 0.81875 0.45390625 0.13359375 0.0703125
9 0.69296875 0.459375 0.12734375 0.0765625
9 0.56953125 0.46484375 0.1390625 0.0890625
9 0.4359375 0.4671875 0.13515625 0.09140625
9 0.30234375 0.471875 0.13359375 0.09296875
9 0.17734375 0.47421875 0.1390625 0.0796875
9 0.3109375 0.3953125 0.1328125 0.075
9 0.43359375 0.38828125 0.125 0.05078125
9 0.5453125 0.3875 0.1171875 0.07265625
9 0.66484375 0.3875 0.11953125 0.08359375
9 0.7890625 0.38828125 0.12109375 0.06875