9 0.79375 0.0984375 0.1265625 0.16875
9 0.5578125 0.57578125 0.128125 0.16875
9 0.2984375 0.575 0.13125 0.16953125
9 0.29921875 0.92109375 0.1390625 0.15703125
9 0.559375 0.89765625 0.11484375 0.17109375
9 0.4328125 0.91484375 0.12578125 0.165625
9 0.67734375 0.89765625 0.115625 0.1609375
9 0.78828125 0.884375 0.1078125 0.14453125
9 0.30078125 0.75390625 0.13359375 0.16328125
9 0.42890625 0.746875 0.128125 0.1640625
9 0.55859375 0.7328125 0.11953125 0.14921875
9 0.67734375 0.71875 0.121875 0.134375
9 0.78671875 0.71796875 0.11796875 0.15390625
9 0.540625 0.56328125 0.09375 0.14765625
9 0.42734375 0.575 0.1265625 0.1578125
9 0.67421875 0.55390625 0.11875 0.13203125
9 0.79140625 0.5609375 0.1125 0.14296875
9 0.29921875 0.40390625 0.1203125 0.159375
9 0.553125 0.39921875 0.11171875 0.14375
9 0.6765625 0.40703125 0.12109375 0.14140625
9 0.79609375 0.409375 0.1109375 0.14609375
9 0.78671875 0.24765625 0.1078125 0.1234375
9 0.67890625 0.25234375 0.11953125 0.15546875
9 0.565625 0.07109375 0.12265625 0.1421875
9 0.67890625 0.08828125 0.1046875 0.1421875