9 0.49453125 0.29453125 0.13046875 0.096875
9 0.3765625 0.17265625 0.11171875 0.0890625
9 0.365625 0.28125 0.09296875 0.09140625
9 0.60859375 0.5640625 0.1578125 0.13203125
9 0.20859375 0.7703125 0.1109375 0.08828125
9 0.15859375 0.05234375 0.13125 0.10390625
9 0.28359375 0.0625 0.12109375 0.10703125
9 0.38671875 0.07890625 0.10390625 0.1078125
9 0.1484375 0.14140625 0.13046875 0.09140625
9 0.26484375 0.1625 0.13046875 0.0921875
9 0.134375 0.25 0.12421875 0.09296875
9 0.25625 0.265625 0.14765625 0.09140625
9 0.11328125 0.340625 0.13359375 0.08359375
9 0.2328125 0.3609375 0.12421875 0.0953125
9 0.33828125 0.3828125 0.1234375 0.0890625
9 0.09921875 0.4296875 0.11640625 0.0875
9 0.2125 0.45390625 0.146875 0.08046875
9 0.3265625 0.4625 0.11171875 0.08828125
9 0.46875 0.38984375 0.11640625 0.10859375
9 0.446875 0.47265625 0.12421875 0.0625
9 0.61953125 0.30625 0.10625 0.09453125
9 0.74765625 0.3296875 0.12109375 0.10234375
9 0.58359375 0.4078125 0.12265625 0.10703125
9 0.71640625 0.41953125 0.1171875 0.0921875
9 0.11875 0.615625 0.11328125 0.08046875
9 0.20859375 0.5953125 0.115625 0.0921875
9 0.31328125 0.5859375 0.13515625 0.103125
9 0.46328125 0.58203125 0.13359375 0.12109375
9 0.165625 0.69140625 0.125 0.0703125
9 0.26875 0.68828125 0.12265625 0.09296875
9 0.38515625 0.675 0.12421875 0.0859375
9 0.50859375 0.6640625 0.13515625 0.09140625
9 0.64296875 0.6640625 0.16796875 0.09921875
9 0.32890625 0.76328125 0.13515625 0.0890625
9 0.55859375 0.73984375 0.13046875 0.0796875
9 0.690625 0.7421875 0.14375 0.0703125