11 0.53984375 0.26328125 0.2265625 0.275
11 0.67890625 0.51484375 0.2234375 0.2921875
11 0.6046875 0.7828125 0.225 0.2765625
11 0.315625 0.484375 0.2015625 0.3078125
11 0.11171875 0.4046875 0.2234375 0.34375
11 0.146875 0.19765625 0.20546875 0.25859375
11 0.32421875 0.209375 0.2125 0.26484375
11 0.76640625 0.25 0.22890625 0.3109375
11 0.903125 0.128125 0.19375 0.25625
11 0.928125 0.37578125 0.14296875 0.3171875
11 0.81015625 0.74765625 0.22578125 0.29453125
11 0.13125 0.6671875 0.20625 0.29921875
11 0.34140625 0.84921875 0.2171875 0.3015625