13 0.8671875 0.234375 0.08828125 0.17734375
13 0.8546875 0.53125 0.09375 0.2078125
13 0.83671875 0.37421875 0.103125 0.14296875
13 0.6640625 0.240625 0.06953125 0.090625
13 0.61171875 0.31484375 0.08203125 0.1546875
13 0.54609375 0.29296875 0.0875 0.14140625
13 0.40703125 0.1109375 0.08203125 0.159375
13 0.4953125 0.4046875 0.0734375 0.11875
13 0.48046875 0.5328125 0.08203125 0.140625
13 0.5359375 0.61171875 0.09140625 0.13984375
13 0.46640625 0.64296875 0.078125 0.13203125
13 0.48359375 0.7453125 0.07890625 0.15625
13 0.54765625 0.70703125 0.078125 0.1484375